* Estimated atmospheric values for TJJD. Height estimate:    21.0549 +/- 0.0482 m.
* METUTIL Version 3.0  2009-08-27
* Input files: otesta.156       ztjjd7.156               ZTD-file sigmas scaled by   1.0
* Yr  Doy Hr Mn Sec  Total Zen  Wet Zen  Sig Zen    PW   Sig PW (mm)  Press (hPa)  Temp (K) ZHD (mm)   Grad NS   Sig NS  Grad EW   Sig EW (mm)
 2017 156  0  0  0.    2582.90   287.90   16.30   47.00    2.66        1006.70      295.20   2295.00    -31.90    32.50    -6.40    37.50
 2017 156  0 30  0.    2583.60   288.60   14.10   47.12    2.30        1006.70      295.20   2295.00    -32.20    31.91    -6.95    36.95
 2017 156  1  0  0.    2593.00   298.00   10.90   48.65    1.78        1006.70      295.20   2295.00    -32.50    31.30    -7.50    36.40
 2017 156  1 30  0.    2604.50   309.50   10.80   50.53    1.76        1006.70      295.20   2295.00    -31.05    30.85    -7.85    35.95
 2017 156  2  0  0.    2608.40   313.40   10.70   51.17    1.75        1006.70      295.20   2295.00    -29.60    30.40    -8.20    35.50
 2017 156  2 30  0.    2605.00   310.00   10.80   50.61    1.76        1006.70      295.20   2295.00    -28.20    30.15    -8.20    35.05
 2017 156  3  0  0.    2599.50   304.50   11.20   49.71    1.83        1006.70      295.20   2295.00    -26.80    29.90    -8.20    34.60
 2017 156  3 30  0.    2607.00   312.00   10.20   50.94    1.67        1006.70      295.20   2295.00    -26.40    29.65    -7.75    34.20
 2017 156  4  0  0.    2617.70   322.70   10.40   52.68    1.70        1006.70      295.20   2295.00    -26.00    29.40    -7.30    33.80
 2017 156  4 30  0.    2621.10   326.10   10.30   53.24    1.68        1006.70      295.20   2295.00    -25.65    29.25    -6.95    33.45
 2017 156  5  0  0.    2634.10   339.10    9.50   55.36    1.55        1006.70      295.20   2295.00    -25.30    29.10    -6.60    33.10
 2017 156  5 30  0.    2639.20   344.20   10.10   56.19    1.65        1006.70      295.20   2295.00    -24.85    29.05    -5.95    32.80
 2017 156  6  0  0.    2639.70   344.70    9.80   56.28    1.60        1006.70      295.20   2295.00    -24.40    29.00    -5.30    32.50
 2017 156  6 30  0.    2651.00   356.00   10.50   58.12    1.71        1006.70      295.20   2295.00    -23.75    28.95    -4.65    32.35
 2017 156  7  0  0.    2659.10   364.10   10.00   59.44    1.63        1006.70      295.20   2295.00    -23.10    28.90    -4.00    32.20
 2017 156  7 30  0.    2663.30   368.30   10.40   60.13    1.70        1006.70      295.20   2295.00    -22.50    28.85    -3.55    32.10
 2017 156  8  0  0.    2666.00   371.00    9.70   60.57    1.58        1006.70      295.20   2295.00    -21.90    28.80    -3.10    32.00
 2017 156  8 30  0.    2665.80   370.80    9.70   60.54    1.58        1006.70      295.20   2295.00    -20.40    28.75    -2.65    31.95
 2017 156  9  0  0.    2663.20   368.20    9.90   60.11    1.62        1006.70      295.20   2295.00    -18.90    28.70    -2.20    31.90
 2017 156  9 30  0.    2660.70   365.70   10.90   59.70    1.78        1006.70      295.20   2295.00    -17.35    28.70    -2.35    31.85
 2017 156 10  0  0.    2662.60   367.60   10.90   60.01    1.78        1006.70      295.20   2295.00    -15.80    28.70    -2.50    31.80
 2017 156 10 30  0.    2664.20   369.20    9.70   60.28    1.58        1006.70      295.20   2295.00    -14.20    28.65    -2.55    31.75
 2017 156 11  0  0.    2667.40   372.40    9.20   60.80    1.50        1006.70      295.20   2295.00    -12.60    28.60    -2.60    31.70
 2017 156 11 30  0.    2663.50   368.50    9.80   60.16    1.60        1006.70      295.20   2295.00    -11.25    28.65    -2.80    31.80
 2017 156 12  0  0.    2662.10   367.10   10.50   59.93    1.71        1006.70      295.20   2295.00     -9.90    28.70    -3.00    31.90
 2017 156 12 30  0.    2660.60   365.60   11.40   59.69    1.86        1006.70      295.20   2295.00     -9.05    28.70    -3.70    31.90
 2017 156 13  0  0.    2666.50   371.50   11.00   60.65    1.80        1006.70      295.20   2295.00     -8.20    28.70    -4.40    31.90
 2017 156 13 30  0.    2670.20   375.20    9.40   61.25    1.53        1006.70      295.20   2295.00     -7.60    28.75    -4.95    31.90
 2017 156 14  0  0.    2670.60   375.60    9.60   61.32    1.57        1006.70      295.20   2295.00     -7.00    28.80    -5.50    31.90
 2017 156 14 30  0.    2666.90   371.90   10.10   60.72    1.65        1006.70      295.20   2295.00     -6.60    28.90    -6.95    32.00
 2017 156 15  0  0.    2664.70   369.70   11.00   60.36    1.80        1006.70      295.20   2295.00     -6.20    29.00    -8.40    32.10
 2017 156 15 30  0.    2663.80   368.80   11.70   60.21    1.91        1006.70      295.20   2295.00     -6.15    29.10    -9.40    32.15
 2017 156 16  0  0.    2662.60   367.60   10.50   60.01    1.71        1006.70      295.20   2295.00     -6.10    29.20   -10.40    32.20
 2017 156 16 30  0.    2661.30   366.30   10.20   59.80    1.67        1006.70      295.20   2295.00     -6.30    29.25   -11.55    32.25
 2017 156 17  0  0.    2658.00   363.00    9.90   59.26    1.62        1006.70      295.20   2295.00     -6.50    29.30   -12.70    32.30
 2017 156 17 30  0.    2666.30   371.30   10.40   60.62    1.70        1006.70      295.20   2295.00     -7.15    29.45   -13.50    32.35
 2017 156 18  0  0.    2671.70   376.70   10.70   61.50    1.75        1006.70      295.20   2295.00     -7.80    29.60   -14.30    32.40
 2017 156 18 30  0.    2677.50   382.50   10.10   62.45    1.65        1006.70      295.20   2295.00     -8.80    29.70   -14.55    32.45
 2017 156 19  0  0.    2676.00   381.00   10.40   62.20    1.70        1006.70      295.20   2295.00     -9.80    29.80   -14.80    32.50
 2017 156 19 30  0.    2671.90   376.90   10.20   61.53    1.67        1006.70      295.20   2295.00    -10.85    29.90   -14.45    32.60
 2017 156 20  0  0.    2665.70   370.70    9.90   60.52    1.62        1006.70      295.20   2295.00    -11.90    30.00   -14.10    32.70
 2017 156 20 30  0.    2656.10   361.10    9.30   58.95    1.52        1006.70      295.20   2295.00    -12.75    30.15   -13.55    32.85
 2017 156 21  0  0.    2652.90   357.90   10.10   58.43    1.65        1006.70      295.20   2295.00    -13.60    30.30   -13.00    33.00
 2017 156 21 30  0.    2653.00   358.00   11.00   58.45    1.80        1006.70      295.20   2295.00    -14.25    30.50   -12.80    33.30
 2017 156 22  0  0.    2655.70   360.70   10.60   58.89    1.73        1006.70      295.20   2295.00    -14.90    30.70   -12.60    33.60
 2017 156 22 30  0.    2656.40   361.40    9.70   59.00    1.58        1006.70      295.20   2295.00    -15.35    31.10   -12.65    33.95
 2017 156 23  0  0.    2663.60   368.60   10.20   60.18    1.67        1006.70      295.20   2295.00    -15.80    31.50   -12.70    34.30
 2017 156 23 30  0.    2667.60   372.60   10.60   60.83    1.73        1006.70      295.20   2295.00    -15.80    32.05   -12.75    34.75
 2017 157  0  0  0.    2669.50   374.50   13.00   61.14    2.12        1006.70      295.20   2295.00    -15.80    32.60   -12.80    35.20
