3.5900
3.9100
4.1700
4.1600
3.7700
3.5500
3.7000
3.9900
3.6700
3.8500
4.0800
4.2400
4.4400
4.2800
4.1600
4.1600
3.9900
3.7200
4.2400
4.0700
3.5500
3.1300
2.8500
3.2500
2.9600
3.1000
3.4400
3.6200
2.7600
3.4200
3.3200
3.1600
3.5800
3.4400
3.5500
3.8200
3.8700
3.8700
3.7400
3.7900
3.7100
3.8700
3.9600
3.8300
3.4500
3.6700
3.4300
3.5800
3.0200
2.7500
2.8000
3.0100
2.9800
2.8800
3.3500
3.4900
3.4300
4.1000
4.4100
4.5900
4.8200
4.4700
3.9400
3.8700
4.5700
4.5100
5.6000
5.1500
4.5000
4.0800
4.1500
4.1700
3.6800
3.8200
3.5900
3.5300
3.0400
3.4200
3.4400
3.2600
3.4100
3.8100
3.7000
4.3700
4.5100
4.4500
3.9700
4.8100
5.3500
5.5700
5.5700
5.5700
5.2200
5.3200
5.0000
4.8400
5.5800
5.4000
5.3600
4.7000
4.7700
4.3400
4.3500
4.0200
3.9200
3.9900
4.2700
4.7900
5.2500
5.2600
5.7900
5.2500
5.4500
5.7600
6.9500
7.1200
7.5000
7.6200
7.8600
8.2900
8.3900
8.8500
9.0400
8.8800
8.2500
8.9300
9.0200
9.0600
9.5500
9.6600
10.1000
9.9600
10.0700
9.8000
8.4700
8.1300
7.5100
6.9000
6.2900
5.8700
5.2800
4.8500
4.0700
3.8700
3.3200
2.9000
3.3000
3.1200
2.6500
2.3500
2.4100
2.0300
2.1800
2.4500
2.3900
2.0900
2.1400
2.1300
2.2500
2.1400
1.7300
2.1200
3.1400
2.8800
3.2000
3.1600
2.7900
2.4500
2.3100
2.8900
3.2400
2.9600
2.5600
2.8700
2.8000
2.8500
2.9700
2.6800
2.6600
2.4100
2.6500
2.8500
2.9600
3.2600
3.3100
3.4200
3.3700
3.3100
3.4900
3.5100
3.2100
3.3200
3.7700
4.0900
4.3100
4.1200
3.8200
2.9700
2.9500
2.6600
2.8600
2.9100
2.6400
2.6200
2.6400
2.5700
2.1500
2.3400
1.9000
2.3400
3.3900
2.6900
2.7000
2.3300
2.1700
2.3600
2.3400
2.7400
3.0300
2.7400
2.5900
2.4700
2.2500
2.1900
2.0800
1.8600
1.9700
1.7200
1.6900
1.4000
1.1700
1.2800
1.6900
1.8000
1.8400
2.1200
2.0100
1.9200
1.8200
1.5700
1.1400
1.3900
2.2000
2.1500
1.9000
1.4100
1.9700
1.5200
1.2100
1.4300
1.1300
1.1000
1.1100
0.8100
0.7700
1.1900
0.9900
1.6700
2.3600
2.2700
2.6100
2.5200
2.2600
1.8400
1.8800
2.1400
2.8200
2.5300
3.0000
3.7300
4.2400
4.9100
5.3200
5.2300
5.6000
5.0000
5.2500
5.2800
5.0000
5.6200
6.0900
6.2600
6.4000
6.3400
6.3300
6.1300
5.9000
5.8300
7.5000
7.7700
8.1200
7.1500
6.8200
6.4900
6.8900
6.7100
6.9800
7.2200
6.5700
6.9000
6.8000
6.8500
7.0600
7.3500
6.5800
7.3200
7.7600
7.3800
7.5700
7.3500
7.8500
7.7100
7.6600
7.7700
8.6800
9.2400
9.7800
9.5200
8.2900
7.4500
6.9900
6.6700
6.2800
6.0900
5.9900
5.5000
5.5900
6.2400
6.9800
6.7300
6.6000
5.9500
5.8300
5.7800
5.7800
5.3300
5.5700
5.7800
6.0700
5.1100
4.7600
4.5800
4.9100
4.7500
4.9100
5.1800
5.1300
5.3800
4.9400
5.1900
5.3100
5.7600
5.6700
6.6200
6.6700
6.5200
6.7200
6.2100
6.2800
6.5600