2.7400
3.0300
2.7400
2.5900
2.4700
2.2500
2.1900
2.0800
1.8600
1.9700
1.7200
1.6900
1.4000
1.1700
1.2800
1.6900
1.8000
1.8400
2.1200
2.0100
1.9200
1.8200
1.5700
1.1400
1.3900
2.2000
2.1500
1.9000
1.4100
1.9700
1.5200
1.2100
1.4300
1.1300
1.1000
1.1100
0.8100
0.7700
1.1900
0.9900
1.6700
2.3600
2.2700
2.6100
2.5200
2.2600
1.8400
1.8800
2.1400
2.8200
2.5300
3.0000
3.7300
4.2400
4.9100
5.3200
5.2300
5.6000
5.0000
5.2500
5.2800
5.0000
5.6200
6.0900
6.2600
6.4000
6.3400
6.3300
6.1300
5.9000
5.8300
7.5000
7.7700
8.1200
7.1500
6.8200
6.4900
6.8900
6.7100
6.9800
7.2200
6.5700
6.9000
6.8000
6.8500
7.0600
7.3500
6.5800
7.3200
7.7600
7.3800
7.5700
7.3500
7.8500
7.7100
7.6600
7.7700
8.6800
9.2400
9.7800
9.5200
8.2900
7.4500
6.9900
6.6700
6.2800
6.0900
5.9900
5.5000
5.5900
6.2400
6.9800
6.7300
6.6000
5.9500
5.8300
5.7800
5.7800
5.3300
5.5700
5.7800
6.0700
5.1100
4.7600
4.5800
4.9100
4.7500
4.9100
5.1800
5.1300
5.3800
4.9400
5.1900
5.3100
5.7600
5.6700
6.6200
6.6700
6.5200
6.7200
6.2100
6.2800
6.5600
6.8100
7.1700
7.3800
6.8100
7.3000
7.9300
8.1600
8.2500
8.0300
8.1600
8.4400
8.2300
8.4000
8.1600
8.2700
8.3200
8.7100
8.7500
9.2600
8.9700
8.9100
8.5800
8.3700
7.9000
7.7400
7.8000
7.9600
7.5800
7.3400
7.2000
7.3200
7.0800
7.0200
7.3100
7.2400
7.2200
6.7500
6.7300
6.5300
6.2100
6.4200
7.7400
7.6000
7.2300
7.1600
6.5700
6.6800
6.2600
6.1900
5.6300
5.3700
4.4600
4.8400
5.1400
4.7900
4.9800
4.9600
5.0600
5.3100
5.3200
5.4300
5.2500
5.5000
5.8000
6.2600
6.3000
6.5900
6.8700
6.9400
6.4500
6.1200
6.0200
8.9200
9.5700
9.7500
9.1700
8.5000
8.5900
9.1500
9.1500
9.2100
9.3200
9.3300
8.9700
8.2700
8.6700
8.6400
8.2100
8.5600
10.1500
10.5100
11.1900
11.8000
12.7700
13.5200
13.4800
14.5400
14.5400
14.5900
15.1800
15.9900
17.2900
17.7200
18.1500
19.2100
20.9000
23.5000
25.4500
25.6900
25.4300
26.1900
27.2400
28.1900
28.7000
29.0200
29.1400
29.2600
30.3900
31.0700
31.4400
