sigma
864.2623
199.1279
123.5555
64.6251
36.3840
31.6687
23.2708
20.4169
19.6573
17.6396
17.3659
15.2477
15.1253
14.7879
14.3653
14.0894
13.3530
12.5136
12.0017
11.3235
10.3091
10.2717
9.3417
8.4232
8.2078
7.4008
7.3216
7.2465
6.6150
6.1849
5.8148
5.7783
5.7018
5.6301
5.5935
5.5263
5.4259
5.3351
5.2536
4.8402
4.7768
4.7710
4.7266
4.5369
4.2185
4.1437
3.8889
3.6181
3.4469
3.4383
3.3461
3.1768
3.1529
3.0643
3.0118
2.9345
2.9236
2.9054
2.8896
2.8499
2.7132
2.6734
2.5819
2.4166
2.3987
2.2557
2.2385
2.1633
2.0991
2.0218
1.9560
1.7394
1.6276
1.6022
1.4599
1.4531
1.3600
1.2648
1.1739
1.1581
1.0834
1.0311
0.9713
0.9417
0.8461
0.7363
0.7205
