sigma
1088.9568
275.0131
191.6418
169.8085
137.6984
83.2590
72.6472
53.9166
44.4547
37.9189
33.8393
23.2024
22.9419
22.3291
21.5366
21.1211
20.7009
19.8699
19.1717
18.0040
17.1997
17.0629
15.9900
15.9471
15.6645
15.5974
15.0445
13.8741
13.0290
12.7091
12.6112
12.3184
12.1931
11.9563
11.4748
10.9623
10.4776
9.8602
9.0286
9.0096
8.3535
8.2444
8.1719
8.0574
7.5831
7.5569
7.1353
7.1030
6.7033
6.6896
6.6590
6.5703
6.5502
6.4780
6.4177
6.3241
6.3080
6.2787
6.2135
5.9894
5.9163
5.5706
5.4956
5.3983
5.3750
5.2341
5.1740
5.0881
5.0585
4.9776
4.9299
4.8745
4.3753
4.3642
4.2666
4.1918
4.1634
4.0070
3.8660
3.8562
3.6797
3.5945
3.5795
3.5326
3.4562
3.4506
3.2958
3.2347
3.1990
3.1287
3.0776
3.0357
2.9885
2.9057
2.8909
2.8460
2.7778
2.6063
2.6014
2.4972
2.4921
2.4793
2.4467
2.4230
2.3456
2.2678
2.2218
2.2107
2.1699
2.1597
2.1409
2.0646
1.9603
1.9441
1.9257
1.9218
1.8253
1.8080
1.7909
1.7374
1.6924
1.6670
1.6388
1.6136
1.5868
1.5565
1.5446
1.5410
1.5143
1.4951
1.4677
1.4636
1.4398
1.3209
1.2814
1.1517
1.0868
1.0831
1.0086
0.9663
0.9269
0.7787
0.7688
