pwv_after
2.0584
1.9910
1.9266
1.8658
1.8059
1.7479
1.6907
1.6373
1.5906
1.5495
1.5125
1.4816
1.4562
1.4374
1.4239
1.4131
1.4023
1.3914
1.3797
1.3679
1.3574
1.3486
1.3424
1.3399
1.3429
1.3525
1.3673
1.3876
1.4132
1.4450
1.4826
1.5270
1.5782
1.6363
1.7020
1.7754
1.8553
1.9414
2.0335
2.1330
2.2401
2.3540
2.4735
2.5980
2.7271
2.8605
2.9981
3.1399
3.2857
3.4347
3.5864
3.7400
3.8951
4.0507
4.2056
4.3592
4.5116
4.6628
4.8125
4.9609
5.1076
5.2524
5.3953
5.5358
5.6732
5.8068
5.9365
6.0621
6.1835
6.3007
6.4134
6.5216
6.6247
6.7231
6.8170
6.9066
6.9915
7.0715
7.1463
7.2159
7.2798
7.3376
7.3896
7.4355
7.4753
7.5090
7.5366
7.5461
7.5500
7.5474
7.5378
7.5220
7.5000
7.4721
7.4379
7.3976
7.3518
7.3005
7.2431
7.1791
7.1078
7.0298
6.9477
6.8632
6.7777
6.6920
6.6073
6.5241
6.4430
6.3652
6.2910
6.2195
6.1502
6.0839
6.0212
5.9634
5.9108
5.8639
5.8227
5.7881
5.7601
5.7383
5.7223
5.7139
5.7136
5.7216
5.7372
5.7605
5.7912
5.8296
5.8758
5.9291
5.9897
6.0567
6.1291
6.2062
6.2877
6.3717
6.4579
6.5460
6.6354
6.7265
6.8189
6.9120
7.0046
7.0960
7.1858
7.2744
7.3608
7.4436
7.5222
7.5965
7.6662
7.7312
7.7903
7.8436
7.8905
7.9313
7.9656
7.9939
8.0153
8.0300
8.0371
8.0375
8.0313
8.0190
8.0004
7.9764
7.9473
7.9129
7.8730
7.8281
7.7786
7.7247
7.6665
7.6044
7.5387
7.4567
7.3710
7.2818
7.1904
7.0970
7.0023
6.9074
6.8122
6.7136
6.6127
6.5109
6.4087
6.3079
6.2083
6.1114
6.0180
5.9302
5.8494
5.7789
5.7184
5.6676
5.6285
5.6017
5.5876
5.5864
5.5977
5.6223
5.6606
5.7137
5.7809
5.8620
5.9558
6.0625
6.1813
6.3110
6.4516
6.6054
6.7740
6.9585
7.1472
7.3370
7.5273
7.7208
7.9209
8.1279
8.3402
8.5582
8.7831
9.0155
9.2566
9.5104
9.7825
10.0732
10.3862
10.7279
11.1005
11.4978
11.9201
12.3673
12.8389
13.3324
13.8462
14.3845
14.9442
15.5314
16.1526
16.8104
17.5052
18.2323
18.9965
19.8045
20.6562
21.5461
22.4492
23.3442
24.2311
25.1229
26.0147
26.8961
27.7538
28.5847
29.3892
30.1743
30.9664
31.7427
32.4839
