pwv_after
2.7529
2.7957
3.0124
2.9803
2.8798
3.3488
3.4894
3.4360
4.0900
4.4177
4.5906
4.8107
4.4823
3.9312
3.8723
4.5736
4.5027
5.6086
5.1425
4.5040
4.0812
4.1434
4.1798
3.6711
3.8240
3.5926
3.5226
3.0480
3.4154
3.4405
3.2618
3.4075
3.8132
3.6959
4.3734
4.5098
4.4460
3.9762
4.8058
5.3498
5.5736
5.5658
5.5726
5.2192
5.3197
5.0012
4.8373
5.5840
5.3967
5.3598
4.7043
4.7638
4.3446
4.3489
4.0179
3.9234
3.9869
4.2723
4.7885
5.2503
5.2615
5.7866
5.2539
5.4479
5.7588
6.9539
7.1159
7.5016
7.6216
7.8568
8.2923
8.3895
8.8494
9.0407
8.8789
8.2525
8.9265
9.0223
9.0612
9.5451
9.6661
10.0962
9.9597
10.0733
9.7960
8.4731
8.1278
7.5117
6.8994
6.2879
5.8749
5.2745
4.8525
4.0723
3.8646
3.3249
2.8981
3.2991
3.1219
2.6482
2.3519
2.4077
2.0317
2.1808
2.4459
2.3956
2.0865
2.1388
2.1353
2.2440
2.1433
1.7301
2.1179
3.1427
2.8768
3.2041
3.1563
2.7907
2.4540
2.3027
2.8965
3.2381
2.9568
2.5658
2.8650
2.8025
2.8497
2.9689
2.6826
2.6557
2.4151
2.6470
2.8480
2.9666
3.2526
3.3136
3.4221
3.3642
3.3157
3.4866
3.5112
3.2102
3.3180
3.7745
4.0837
4.3151
4.1197
3.8146
2.9780
2.9443
2.6608
2.8632
2.9060
2.6429
2.6180
2.6419
2.5690
2.1484
2.3446
1.8947
2.3424
3.3922
2.6847
2.7047
2.3285
2.1684
2.3627
2.3379
2.7414
3.0284
2.7415
2.5902
2.4668
2.2552
2.1860
2.0798
1.8643
1.9649
1.7225
1.6907
1.3979
1.1716
1.2789
1.6919
1.7975
1.8410
2.1225
2.0047
1.9245
1.8197
1.5658
1.1456
1.3865
2.2004
2.1514
1.8981
1.4124
1.9668
1.5229
1.2096
1.4268
1.1356
1.0951
1.1115
0.8121
0.7658
1.1943
0.9869
1.6710
2.3613
2.2669
2.6139
2.5170
2.2607
1.8421
1.8759
2.1445
2.8172
2.5296
3.0035
3.7250
4.2441
4.9089
5.3175
5.2348
5.5954
5.0026
5.2500
5.2779
5.0036
5.6157
6.0936
6.2590
6.3971
6.3455
6.3251
6.1313
5.9024
5.8262
7.5027
7.7693
8.1194
7.1511
6.8182
6.4929
6.8870
6.7112
6.9822
7.2152
6.5744
6.8989
6.7974
6.8541
7.0570
7.3508
6.5806
7.3190
7.7612
7.3784
7.5719
7.3488
7.8496
7.7121
7.6573
7.7713
8.6813
9.2370
9.7823
9.5200
8.2881
7.4519
6.9895
6.6692
6.2807
6.0901
5.9900
5.4987
5.5922
6.2388
6.9785
6.7335
6.5971
5.9502
5.8321
5.7779
5.7805
5.3306
5.5701
5.7786
6.0711
5.1110
4.7568
4.5830
4.9097
4.7474
4.9132
5.1788
5.1288
5.3816
4.9398
5.1893
5.3096
5.7623
5.6674
6.6199
6.6737
6.5150
6.7226
6.2116
6.2760
6.5631
6.8092
7.1698
7.3793
6.8113
7.3006
7.9261
8.1651
8.2479
8.0270
8.1659
8.4357
8.2301
8.4027
8.1578
8.2704
8.3200
8.7115
8.7477
9.2605
8.9729
8.9055
8.5824
8.3719
7.8956
7.7433
7.7999
7.9583
7.5807
7.3412
7.1986
7.3193
7.0827
7.0176
7.3099
7.2426
7.2170
6.7513
6.7306
6.5291
6.2098
6.4207
7.7406
7.5970
7.2338
7.1585
6.5675
6.6853
6.2554
6.1913
5.6322
5.3662
4.4632
4.8380
5.1414
4.7890
4.9792
4.9641
5.0536
5.3150
5.3205
5.4234
5.2586
5.4947
5.7996
6.2644
6.2950
6.5940
6.8666
6.9427
6.4503
6.1144
6.0297
8.9116
9.5715
9.7564
9.1603
8.5069
8.5885
9.1476
9.1537
9.2057
9.3255
9.3247
8.9715
8.2747
8.6610
8.6479
8.2079
8.5557
10.1576
10.5033
11.1932
11.8007
12.7667
13.5242
13.4760
14.5434
14.5382
14.5887
15.1847
15.9840
17.2938
17.7209
18.1446
19.2170
20.8950
23.5009
25.4526
25.6861
25.4332
26.1880
27.2415
28.1897
28.6969
29.0273
29.1323
29.2627
30.3942
31.0629
31.4448
