sigma
1172.2495
290.7453
230.8110
178.1546
166.8790
98.0353
91.0883
68.9078
61.9932
56.8456
49.6866
41.6463
26.5493
25.6512
24.7122
23.0783
22.5766
22.0637
21.3616
20.7307
20.0085
18.1953
17.8533
17.6169
17.0801
16.2857
16.2356
16.1211
16.0594
15.7925
14.1170
13.3594
12.9153
12.5890
12.3380
12.1656
12.0469
11.7223
11.4233
11.4190
10.6430
9.9170
9.8680
8.8881
8.7635
8.7221
8.6616
8.1494
8.1237
7.9603
7.6197
7.5117
7.3530
7.3300
7.2416
7.2327
7.0829
7.0024
6.9621
6.9585
6.8819
6.5612
6.3059
6.2829
5.9795
5.9671
5.8781
5.8289
5.7711
5.6371
5.5923
5.5770
5.5566
5.4725
5.3415
5.2789
5.0111
4.9775
4.8487
4.7363
4.7002
4.6119
4.3574
4.3128
4.2693
4.0999
3.8968
3.8904
3.8357
3.7615
3.6964
3.6896
3.6405
3.5660
3.5269
3.4868
3.4792
3.4360
3.3393
3.3134
3.2402
3.1147
3.1140
3.0013
2.9929
2.9345
2.8715
2.8586
2.8295
2.7657
2.7536
2.7529
2.6044
2.5848
2.5699
2.5596
2.5472
2.4593
2.4350
2.4034
2.3438
2.3351
2.3271
2.2361
2.1342
2.0782
2.0572
2.0353
2.0176
1.9799
1.9779
1.9404
1.9121
1.8810
1.8361
1.8108
1.7868
1.7749
1.7631
1.7247
1.7097
1.6595
1.6268
1.6071
1.5893
1.5801
1.5208
1.4642
1.4471
1.4327
1.3452
1.2989
1.2916
1.2507
1.2242
1.1613
1.0380
0.9922
0.8888
0.8869
