pwv_after
2.1817
2.1650
2.1523
2.1466
2.1445
2.1487
2.1582
2.1704
2.1832
2.1978
2.2151
2.2353
2.2574
2.2806
2.3058
2.3333
2.3629
2.3949
2.4292
2.4650
2.5026
2.5428
2.5858
2.6319
2.6805
2.7316
2.7850
2.8399
2.8959
2.9538
3.0126
3.0722
3.1324
3.1930
3.2540
3.3153
3.3765
3.4372
3.4969
3.5557
3.6132
3.6696
3.7248
3.7786
3.8310
3.8822
3.9321
3.9805
4.0275
4.0732
4.1180
4.1622
4.2054
4.2478
4.2891
4.3293
4.3683
4.4062
4.4428
4.4782
4.5123
4.5450
4.5765
4.6072
4.6370
4.6658
4.6936
4.7201
4.7456
4.7705
4.7948
4.8186
4.8421
4.8654
4.8888
4.9122
4.9359
4.9601
4.9846
5.0093
5.0345
5.0597
5.0851
5.1108
5.1366
5.1625
5.1884
5.2146
5.2406
5.2664
5.2918
5.3170
5.3417
5.3663
5.3904
5.4142
5.4378
5.4609
5.4835
5.5058
5.5279
5.5496
5.5710
5.5919
5.6122
5.6318
5.6507
5.6687
5.6857
5.7015
5.7161
5.7296
5.7417
5.7525
5.7617
5.7690
5.7741
5.7770
5.7775
5.7754
5.7708
5.7636
5.7537
5.7410
5.7256
5.7075
5.6867
5.6630
5.6364
5.6072
5.5754
5.5408
5.5035
5.4634
5.4204
5.3751
5.3275
5.2778
5.2263
5.1730
5.1182
5.0620
5.0047
4.9463
4.8872
4.8272
4.7667
4.7057
4.6441
4.5822
4.5201
4.4578
4.3955
4.3333
4.2711
4.2092
4.1478
4.0871
4.0270
3.9675
3.9088
3.8517
3.7962
3.7415
3.6879
3.6352
3.5833
3.5326
3.4834
3.4359
3.3897
3.3448
3.3011
3.2590
3.2183
3.1790
3.1410
3.1042
3.0689
3.0350
3.0026
2.9713
2.9410
2.9116
2.8827
2.8544
2.8266
2.7992
2.7724
2.7458
2.7195
2.6936
2.6679
2.6424
2.6167
2.5907
2.5646
2.5384
2.5127
2.4875
2.4628
2.4386
2.4150
2.3921
2.3698
2.3481
2.3272
2.3072
2.2882
2.2703
2.2531
2.2360
2.2195
2.2036
2.1884
2.1741
2.1606
2.1481
2.1363
2.1252
2.1149
2.1058
2.0977
2.0907
2.0850
2.0806
2.0779
2.0769
2.0777
2.0805
2.0853
2.0925
2.1019
2.1133
2.1268
2.1423
2.1597
2.1790
2.2003
2.2236
2.2491
2.2772
2.3079
2.3407
2.3756
2.4129
2.4528
2.4948
2.5393
2.5866
2.6365
2.6891
2.7445
2.8025
2.8635
2.9273
2.9937
3.0628
3.1343
3.2077
3.2830
3.3599
3.4383
3.5184
3.6003
3.6840
3.7692
3.8555
3.9431
4.0317
4.1205
4.2093
4.2975
4.3850
4.4720
4.5582
4.6439
4.7289
4.8129
4.8963
4.9787
5.0596
5.1390
5.2168
5.2930
5.3674
5.4401
5.5114
5.5813
5.6488
5.7140
5.7768
5.8379
5.8976
5.9562
6.0134
6.0692
6.1235
6.1761
6.2272
6.2768
6.3248
6.3713
6.4160
6.4589
6.5003
6.5400
6.5778
6.6141
6.6488
6.6817
6.7125
6.7413
6.7681
6.7929
6.8150
6.8340
6.8494
6.8616
6.8713
6.8790
6.8666
6.8531
6.8392
6.8251
6.8112
6.7980
6.7856
6.7734
6.7607
6.7480
6.7354
6.7237
6.7129
6.7031
6.6946
6.6877
6.6825
6.6786
6.6758
6.6751
6.6770
6.6817
6.6891
6.6993
6.7122
6.7274
6.7452
6.7650
6.7875
6.8124
6.8395
6.8682
6.8987
6.9300
6.9620
6.9949
7.0283
7.0626
7.0978
7.1333
7.1689
7.2039
7.2381
7.2720
7.3049
7.3358
7.3642
7.3900
7.4131
7.4335
7.4508
7.4650
7.4759
7.4836
7.4880
7.4889
7.4856
7.4782
7.4658
7.4487
7.4271
7.4012
7.3715
7.3387
7.3029
7.2642
7.2224
7.1779
7.1314
7.0831
7.0330
6.9815
6.9290
6.8752
6.8202
6.7643
6.7083
6.6523
6.5969
6.5426
6.4892
6.4344
6.3787
6.3228
6.2672
6.2130
6.1604
6.1105
6.0636
6.0214
5.9845
5.9553
5.9336
5.9190
5.9127
5.9150
5.9263
5.9468
5.9767
6.0163
6.0660
6.1268
6.1984
6.2802
6.3715
6.4726
6.5834
6.7031
6.8321
6.9724
7.1256
7.2931
7.4664
7.6436
7.8242
8.0098
8.2033
8.4048
8.6128
8.8284
9.0525
9.2856
9.5289
9.7850
10.0583
10.3492
10.6595
10.9938
11.3541
11.7358
12.1400
12.5657
13.0123
13.4776
13.9608
14.4656
14.9895
15.5371
16.1125
16.7179
17.3539
18.0171
18.7117
19.4432
20.2107
21.0086
21.8190
22.6246
23.4271
24.2360
25.0497
25.8594
26.6551
27.4319
28.1908
28.9411
29.7055
30.4704
31.2216
