pwv_after
4.1062
4.1236
4.1354
4.1408
4.1415
4.1402
4.1393
4.1365
4.1295
4.1208
4.1091
4.0937
4.0738
4.0491
4.0204
3.9873
3.9502
3.9099
3.8671
3.8207
3.7715
3.7211
3.6706
3.6207
3.5709
3.5220
3.4744
3.4280
3.3833
3.3423
3.3042
3.2701
3.2405
3.2154
3.1956
3.1812
3.1720
3.1684
3.1705
3.1787
3.1931
3.2136
3.2400
3.2723
3.3102
3.3537
3.4023
3.4553
3.5122
3.5728
3.6369
3.7035
3.7715
3.8401
3.9086
3.9757
4.0406
4.1026
4.1603
4.2129
4.2596
4.2999
4.3337
4.3612
4.3823
4.3963
4.4033
4.4025
4.3946
4.3804
4.3606
4.3355
4.3057
4.2723
4.2361
4.1979
4.1586
4.1195
4.0808
4.0436
4.0088
3.9773
3.9499
3.9274
3.9104
3.8997
3.8962
3.9010
3.9145
3.9369
3.9688
4.0107
4.0631
4.1264
4.2008
4.2865
4.3835
4.4914
4.6100
4.7388
4.8777
5.0259
5.1828
5.3475
5.5191
5.6965
5.8784
6.0634
6.2498
6.4359
6.6203
6.8012
6.9773
7.1473
7.3095
7.4620
7.6033
7.7320
7.8468
7.9466
8.0480
8.1320
8.1973
8.2428
8.2680
8.2727
8.2560
8.2174
8.1569
8.0741
7.9692
7.8423
7.6942
7.5257
7.3380
7.1334
6.9137
6.6808
6.4368
6.1841
5.9246
5.6605
5.3941
5.1277
4.8632
4.6027
4.3483
4.1013
3.8633
3.6359
3.4209
3.2192
3.0323
2.8608
2.7050
2.5656
2.4431
2.3376
2.2492
2.1774
2.1223
2.0837
2.0607
2.0518
2.0563
2.0730
2.1009
2.1393
2.1875
2.2444
2.3085
2.3781
2.4523
2.5302
2.6103
2.6917
2.7732
2.8536
2.9324
3.0085
3.0815
3.1503
3.2142
3.2723
3.3239
3.3686
3.4061
3.4363
3.4590
3.4741
3.4815
3.4817
3.4748
3.4607
3.4394
3.4113
3.3769
3.3372
3.2934
3.2460
3.1956
3.1426
3.0876
3.0311
2.9738
2.9161
2.8583
2.8013
2.7452
2.6909
2.6380
2.5858
2.5350
2.4855
2.4377
2.3916
2.3469
2.3037
2.2613
2.2195
2.1781
2.1372
2.0964
2.0560
2.0158
1.9758
1.9361
1.8965
1.8572
1.8184
1.7803
1.7432
1.7071
1.6718
1.6375
1.6044
1.5726
1.5425
1.5144
1.4890
1.4668
1.4437
1.4249
1.4102
1.4002
1.3953
1.3965
1.4038
1.4179
1.4396
1.4690
1.5067
1.5532
1.6087
1.6736
1.7481
1.8318
1.9249
2.0270
2.1371
2.2554
2.3813
2.5146
2.6553
2.8033
2.9585
3.1200
3.2870
3.4592
3.6359
3.8155
3.9973
4.1799
4.3624
4.5444
4.7248
4.9038
5.0806
5.2546
5.4258
5.5929
5.7550
5.9117
6.0625
6.2072
6.3457
6.4778
6.6037
6.7233
6.8345
6.9370
7.0303
7.1155
7.1933
7.2641
7.3276
7.3843
7.4340
7.4768
7.5136
7.5444
7.5696
7.5895
7.6040
7.6132
7.6184
7.6188
7.6139
7.6046
7.5907
7.5728
7.5501
7.5228
7.4914
7.4557
7.4141
7.3653
7.3080
7.2423
7.1704
7.0941
7.0145
6.9324
6.8488
6.7644
6.6797
6.5962
6.5138
6.4309
6.3457
6.2590
6.1715
6.0848
5.9996
5.9158
5.8337
5.7549
5.6787
5.6048
5.5321
5.4642
5.4029
5.3494
5.3027
5.2640
5.2330
5.2086
5.1917
5.1810
5.1804
5.1894
5.2081
5.2343
5.2710
5.3082
5.3440
5.3805
5.4105
5.4449
5.4880
