sigma
715.7769
221.8593
161.3461
119.0726
94.2794
72.6758
61.0704
53.5640
40.5515
27.4594
22.2416
19.9752
17.8169
16.6215
16.5124
15.8803
15.3508
14.1534
13.5951
12.5812
11.2749
11.0491
10.8028
10.6837
10.6570
10.3276
9.7911
9.7373
9.6243
8.7571
7.5785
7.2597
6.9057
6.8058
6.6724
6.5715
6.1017
6.0936
6.0576
6.0379
5.7872
5.7286
5.6660
5.6283
5.4395
5.3160
5.0013
4.8271
4.8114
4.5891
4.5543
4.4610
4.3673
4.3629
4.3329
4.2802
4.2256
4.0793
4.0632
4.0575
3.9598
3.9328
3.9050
3.7863
3.7150
3.7097
3.6678
3.5721
3.5044
3.4958
3.4779
3.4570
3.3865
3.3245
3.2517
2.9055
2.7718
2.7463
2.6352
2.6186
2.5778
2.5346
2.4842
2.4824
2.3432
2.3206
2.2922
2.2655
2.2411
2.2269
2.1855
2.1465
2.0618
2.0372
1.9122
1.8414
1.8288
1.7973
1.7765
1.7238
1.7119
1.6725
1.6484
1.6385
1.5988
1.5769
1.5276
1.4943
1.4870
1.4797
1.4197
1.3924
1.3731
1.3541
1.2298
1.2052
1.1284
1.0323
0.9506
0.8935
